#hsa	pvalue
2932	0.0000000000000000000
5601	0.0000000000000000000
2931	0.0000000000000000000
3791	0.0000000000000000000
11200	0.0000000000000000000
1147	0.0000000000000000025
5579	0.0000000000000000057
5156	0.0000000000000000288
6714	0.0000000000000000652
1455	0.0000000000000001280
983	0.0000000000000004565
84446	0.0000000000000008530
3552	0.0000000000000017425
7010	0.0000000000000030232
9261	0.0000000000000030744
5599	0.0000000000000089724
5580	0.0000000000000090542
1453	0.0000000000000093447
50488	0.0000000000000179228
23178	0.0000000000000200998
6790	0.0000000000000231231
4193	0.0000000000000281376
4233	0.0000000000000533399
5588	0.0000000000001717107
11183	0.0000000000003619841
24413	0.0000000000004406784
7525	0.0000000000005239547
3718	0.0000000000005554056
4306	0.0000000000010316619
5590	0.0000000000016164469
26416	0.0000000000016249166
1456	0.0000000000016679875
8550	0.0000000000016679875
6462	0.0000000000017722774
4780	0.0000000000020340751
9212	0.0000000000024378379
53944	0.0000000000030310200
3932	0.0000000000036983782
9448	0.0000000000044483613
5578	0.0000000000049768458
4067	0.0000000000068599644
7298	0.0000000000094695949
5241	0.0000000000103547177
26395	0.0000000000126585135
5584	0.0000000000145591428
9475	0.0000000000147996253
6885	0.0000000000194387071
5582	0.0000000000287934811
6788	0.0000000000308000005
301	0.0000000000402243388
5586	0.0000000000444085442
2324	0.0000000000554998698
1956	0.0000000000636087041
5581	0.0000000000680100443
5159	0.0000000001149840687
2011	0.0000000001470164166
5583	0.0000000001653837459
1719	0.0000000001942523269
5261	0.0000000002012417846
4486	0.0000000002295887381
2908	0.0000000003281227422
6573	0.0000000004622391781
6195	0.0000000005853922216
403655	0.0000000006448276552
23617	0.0000000006591838764
8202	0.0000000006645456439
3815	0.0000000007741835758
2740	0.0000000014733489968
1020	0.0000000014758842231
805	0.0000000015638340380
808	0.0000000015638340380
24312	0.0000000016072387853
6198	0.0000000017366668483
3551	0.0000000018156056579
14272	0.0000000024395248155
110606	0.0000000024395248155
281169	0.0000000024395248155
327686	0.0000000024395248155
2064	0.0000000038044278703
23683	0.0000000039522100843
4140	0.0000000039876193834
2936	0.0000000045981267941
1859	0.0000000046771491627
9252	0.0000000052259555478
5871	0.0000000068037686066
5567	0.0000000072977219474
2260	0.0000000077925146784
558	0.0000000079686074954
2322	0.0000000081691297767
113235	0.0000000083636711784
6517	0.0000000085775944569
248	0.0000000086185327994
2264	0.0000000091149636340
4790	0.0000000095074566297
25	0.0000000110975954344
3569	0.0000000111689385513
5163	0.0000000112370538798
1452	0.0000000117051918300
7157	0.0000000122740634295
6850	0.0000000138280302887
80351	0.0000000140796590562
1454	0.0000000143038638698
1436	0.0000000145902148846
5255	0.0000000148472618132
5256	0.0000000148472618132
5257	0.0000000148472618132
4593	0.0000000167005992839
5260	0.0000000169496930846
13361	0.0000000179838606479
984	0.0000000186278141790
2720	0.0000000198095359209
5476	0.0000000198095359209
7272	0.0000000208216567760
2050	0.0000000210911043100
1588	0.0000000233236093486
2241	0.0000000244614047061
6794	0.0000000296225070743
816	0.0000000331743664439
10733	0.0000000359570361938
5663	0.0000000368080560887
250	0.0000000383927331908
5587	0.0000000401143778030
2100	0.0000000422418032864
812762	0.0000000503637526748
11835	0.0000000512912501312
572	0.0000000560044290157
650	0.0000000560044290157
866	0.0000000560044290157
8648	0.0000000560044290157
10499	0.0000000560044290157
728642	0.0000000587157223500
7124	0.0000000728635929930
2099	0.0000000772816289905
7297	0.0000000782531372906
5292	0.0000000802895458531
60352	0.0000000843092155338
64462	0.0000000843092155338
8317	0.0000000974320194053
9748	0.0000000989196375836
100529261	0.0000001010237227384
4139	0.0000001112942864331
6733	0.0000001112942864331
9024	0.0000001112942864331
2263	0.0000001114610469896
427317	0.0000001183951299445
7046	0.0000001403052375947
91	0.0000001580608512426
2356	0.0000001619089830417
3417	0.0000002269098457318
1457	0.0000002742900909215
2261	0.0000003214059740517
509322	0.0000003513264850904
516619	0.0000003513264850904
533276	0.0000003513264850904
1645	0.0000003832304172772
2342	0.0000003832304172772
5095	0.0000003832304172772
5096	0.0000003832304172772
9128	0.0000003832304172772
25318	0.0000003832304172772
64511	0.0000003832304172772
367	0.0000003844343899866
8851	0.0000004038553852396
249	0.0000004278672829303
547923	0.0000004571028920764
100848466	0.0000004650791260993
2872	0.0000004940079283604
891	0.0000005240222896548
9133	0.0000005240222896548
85417	0.0000005240222896548
9833	0.0000006045088525629
640	0.0000006275780597948
340156	0.0000006837998846256
120892	0.0000007214185409868
4915	0.0000008673935428276
5063	0.0000009121875802187
10298	0.0000009649251842957
5602	0.0000009713071982186
27330	0.0000011282781076678
1019	0.0000013436821582379
547694	0.0000014066374223002
547835	0.0000014066374223002
547836	0.0000014066374223002
547856	0.0000014066374223002
547860	0.0000014066374223002
547861	0.0000014066374223002
5592	0.0000014691256943204
2268	0.0000015832986871269
25778	0.0000016012298660435
83942	0.0000016826473720664
818	0.0000017324963293401
6196	0.0000017882641785299
5091	0.0000020758583286186
80899	0.0000020758583286186
1085515	0.0000020758583286186
24208	0.0000021072906778654
6789	0.0000021449164686292
1025	0.0000026149467736908
23043	0.0000026399014202998
2348	0.0000027938306736947
5603	0.0000029273707372942
1081	0.0000030967850865202
26576	0.0000031054370094161
4853	0.0000033692808247019
4854	0.0000033692808247019
4855	0.0000033692808247019
4058	0.0000034144998489570
3717	0.0000035114827962598
1111	0.0000038899625290736
817	0.0000041323505374070
6331	0.0000041619099913727
10114	0.0000041706217198694
91807	0.0000044143717691782
84385	0.0000044611713685650
2185	0.0000046852350109168
5426	0.0000051597789925806
5427	0.0000051597789925806
6241	0.0000051597789925806
50484	0.0000051597789925806
54107	0.0000051597789925806
56655	0.0000051597789925806
79813	0.0000051597789925806
110147	0.0000051597789925806
116447	0.0000051597789925806
140668	0.0000051597789925806
65156	0.0000053224932853075
5593	0.0000056182432485199
14815	0.0000059401615573517
202374	0.0000059401615573517
28996	0.0000071494980904910
2534	0.0000072499959381021
5893	0.0000073350970418055
6240	0.0000073350970418055
5651987	0.0000073350970418055
3654	0.0000078062349540032
387129	0.0000078062349540032
3716	0.0000082313285434348
5979	0.0000085612876587637
9891	0.0000092420012740130
6606	0.0000093973028186539
599	0.0000094657796313815
25672	0.0000094657796313815
294673	0.0000094657796313815
6787	0.0000094954012780007
2321	0.0000098999827779499
1723	0.0000100924883430170
9263	0.0000102348187208505
6197	0.0000118501572935447
8476	0.0000129521155447997
200576	0.0000137005472879878
6416	0.0000142967544637930
23235	0.0000162448419282676
2049	0.0000165886256923301
4851	0.0000165886256923301
18596	0.0000166707999972993
5613	0.0000193363550692349
1196	0.0000193754473842730
6732	0.0000200220156545452
2350	0.0000216434327488666
100533105	0.0000216434327488666
801	0.0000219216072653021
6093	0.0000252897488532440
238	0.0000254829026348047
122011	0.0000264641831054871
2645	0.0000268862903220740
51701	0.0000269538139302070
65975	0.0000271909835204521
23604	0.0000287812278897692
3960	0.0000296362676837935
5170	0.0000306210559034302
2444	0.0000308987023375899
2339	0.0000309111671083582
47	0.0000311027904943414
83805	0.0000311027904943414
403426	0.0000311027904943414
8536	0.0000333425894830659
815	0.0000337476633341294
50507	0.0000357341434849040
597	0.0000373796808190940
10017	0.0000373796808190940
23678	0.0000373796808190940
24835	0.0000373796808190940
26750	0.0000373796808190940
29904	0.0000373796808190940
65267	0.0000373796808190940
65268	0.0000373796808190940
280960	0.0000373796808190940
5894	0.0000400734079973222
8767	0.0000413798861122891
7075	0.0000414594879905412
1017	0.0000429108222073514
8658	0.0000465131593416147
5566	0.0000476377257195758
51053	0.0000503577457698062
1021	0.0000505156736805786
57396	0.0000542464379379007
166614	0.0000570951944485197
4217	0.0000572032886510888
4331	0.0000572032886510888
508809	0.0000572032886510888
27102	0.0000599246188390219
4293	0.0000604741575487164
6300	0.0000614620201117882
5607	0.0000616273001177037
16590	0.0000629503017009653
2870	0.0000639878157567940
6046	0.0000639878157567940
7867	0.0000639878157567940
8019	0.0000639878157567940
5467	0.0000775933763132082
8428	0.0000885798107912984
10494	0.0000885798107912984
30811	0.0000885798107912984
3783750	0.0000885798107912984
147746	0.0000898799976673923
2194	0.0000922232011046303
5753	0.0000930052703776269
4914	0.0000941920197574191
3055	0.0000976298831327170
351	0.0001003328946990030
100462812	0.0001036316550078650
3074	0.0001090589841050490
17161	0.0001090589841050490
4201816	0.0001090589841050490
4204180	0.0001090589841050490
4921	0.0001184850072807630
1559	0.0001250533383766990
5562	0.0001452690384530300
79915	0.0001473329917511070
27148	0.0001579490877622700
7301	0.0001689775621369950
23410	0.0001755638345065610
10461	0.0001814359727644020
3645	0.0001973664707302610
8621	0.0001973664707302610
9113	0.0001973664707302610
466	0.0001988401761905050
676	0.0001988401761905050
6675	0.0001988401761905050
14312	0.0001988401761905050
23774	0.0001988401761905050
29261	0.0001988401761905050
64550	0.0001988401761905050
67473	0.0001988401761905050
223770	0.0001988401761905050
398105	0.0001988401761905050
398457	0.0001988401761905050
398822	0.0001988401761905050
887777	0.0001988401761905050
1091594	0.0001988401761905050
2718383	0.0001988401761905050
4550648	0.0001988401761905050
4699078	0.0001988401761905050
5212317	0.0001988401761905050
6226217	0.0001988401761905050
9221804	0.0001988401761905050
8900	0.0002042395975273340
5594	0.0002159137774872490
5702	0.0002164769018016770
5705	0.0002164769018016770
5707	0.0002164769018016770
5708	0.0002164769018016770
5709	0.0002164769018016770
5710	0.0002164769018016770
5713	0.0002164769018016770
5714	0.0002164769018016770
5717	0.0002164769018016770
5719	0.0002164769018016770
23476	0.0002164769018016770
780	0.0002181979674185100
5600	0.0002318536862255010
1613	0.0002448152449948630
5649109	0.0002578787796011770
18595	0.0002597111481719480
4321	0.0002665717549758140
5422	0.0002686477385480300
8737	0.0002686477385480300
8899	0.0002686477385480300
22933	0.0002686477385480300
2043	0.0002720141861310880
5605	0.0002740260065368260
6817	0.0002847600265059480
902	0.0003246334985799830
84254	0.0003246334985799830
102724428	0.0003246334985799830
890	0.0003302526867876690
90	0.0003307749034677420
7048	0.0003307749034677420
4638	0.0003444941186792340
100348842	0.0003648430568877750
5062	0.0003669318072066770
1576	0.0003981263883294460
8491	0.0003997402016674760
190	0.0004158454229064100
22983	0.0004158454229064100
23387	0.0004232028381518710
395694	0.0004232028381518710
5608	0.0004256761541021460
29110	0.0004256761541021460
8999	0.0004322028656529520
24598	0.0004691362138823040
2147	0.0004792456899931600
1536	0.0004968897513300430
5105	0.0004968897513300430
5106	0.0004968897513300430
6553	0.0004968897513300430
22173	0.0004968897513300430
27035	0.0004968897513300430
79400	0.0004968897513300430
563560	0.0004968897513300430
25865	0.0005134989882773710
6795	0.0005204022827553950
896	0.0005243325950144430
1024	0.0005243325950144430
9641	0.0005243325950144430
8445	0.0005272616308620430
5727	0.0005437765500273110
16855	0.0005437765500273110
24629	0.0005437765500273110
50686	0.0005437765500273110
84027	0.0005437765500273110
2051	0.0005533835421274550
660	0.0005685798080768590
1109	0.0005869235700924470
5563	0.0006162911733640570
57787	0.0006236879403738850
140609	0.0006236879403738850
11113	0.0006490190293792590
22848	0.0006490190293792590
2580	0.0006703400568363900
6778	0.0007396256308413730
5604	0.0007779687520719280
2081	0.0007851877837696900
4190	0.0008388998116309830
4191	0.0008388998116309830
904	0.0008495361852047580
22171	0.0008510084062148910
4296	0.0008776314600882010
595	0.0008923195523450080
13316346	0.0009048788967518160
3614	0.0009070917531411890
3615	0.0009070917531411890
6446	0.0009070917531411890
1432	0.0009412593680654920
1612	0.0009519853293084190
25989	0.0009519853293084190
1263	0.0009915764727983290
8986	0.0009915764727983290
2045	0.0009926107898085020
85366	0.0009926107898085020
55872	0.0010200889345506300
208	0.0011260251402898800
51776	0.0012121329523956100
4128	0.0012476606283990500
9175	0.0012933822395484700
102800317	0.0013300204261627000
1387	0.0013538767704134200
10783	0.0013538767704134200
24890	0.0013575660644442200
56924	0.0013575660644442200
255239	0.0013575660644442200
3316	0.0015830079307601200
6608	0.0017648191259725600
10587	0.0017648191259725600
55781	0.0017735098122154600
83732	0.0017735098122154600
1545	0.0017755147707641700
11011	0.0017981183286574400
6622	0.0018514256462791400
4916	0.0018679959020843300
3643	0.0018730368235936200
5568	0.0019019997516800900
10188	0.0019157901792615700
317748	0.0019598151433082600
5290	0.0021898749109116800
24784	0.0022247464350481600
287287	0.0022763038024632900
8780	0.0022878560079628400
2242	0.0023280710024229600
695	0.0024480143788170200
8394	0.0024491449973944000
10110	0.0024491449973944000
2066	0.0025605520054956100
6793	0.0027208200159230800
64158	0.0027578324543781400
2869	0.0027611528054135600
3549	0.0028620551687682200
6401	0.0028620551687682200
6469	0.0028620551687682200
50846	0.0028620551687682200
65036	0.0028620551687682200
155871	0.0028620551687682200
497756	0.0028620551687682200
100101555	0.0028620551687682200
100135490	0.0028620551687682200
100720484	0.0028620551687682200
100726255	0.0028620551687682200
100734741	0.0028620551687682200
2868	0.0029168078383525800
11213	0.0029168078383525800
1509	0.0029617752932810000
2047	0.0030200435910968400
7535	0.0030200435910968400
8396	0.0032743391516925900
57172	0.0032743391516925900
5609	0.0034172668672740000
6311	0.0034446782058009000
142	0.0035627364809474100
1543	0.0035683497366522700
8912	0.0036778873474888000
2642	0.0037974095513507200
78959	0.0037974095513507200
293	0.0038341394359342600
952	0.0038341394359342600
20517	0.0038341394359342600
59272	0.0038341394359342600
79888	0.0038341394359342600
811773	0.0038341394359342600
3641348	0.0038341394359342600
3641414	0.0038341394359342600
100996758	0.0038341394359342600
975	0.0039341120804890400
4860	0.0039341120804890400
6548	0.0039341120804890400
24159	0.0039341120804890400
24782	0.0039341120804890400
785911	0.0039341120804890400
100720631	0.0039341120804890400
369	0.0041163945733929100
2819	0.0041163945733929100
2820	0.0041163945733929100
15930	0.0041163945733929100
23752	0.0041163945733929100
24808	0.0041163945733929100
25340	0.0041163945733929100
26415	0.0041163945733929100
171072	0.0041163945733929100
396592	0.0041163945733929100
711717	0.0041163945733929100
1114791	0.0041163945733929100
10549022	0.0041163945733929100
3571199	0.0041959788166119100
1195	0.0042568768449005400
7150	0.0043037742591153000
9201	0.0043037742591153000
10769	0.0043037742591153000
10645	0.0043289869221003700
10038	0.0044024994270648500
5058	0.0045434349496294300
784	0.0048553336113265900
785	0.0048553336113265900
3592	0.0048553336113265900
3593	0.0048553336113265900
6583	0.0048553336113265900
19015	0.0048553336113265900
56749	0.0048553336113265900
130399	0.0048553336113265900
1022	0.0051285699739325800
2048	0.0052115380416670800
8711	0.0052115380416670800
207	0.0057913519255203800
24230	0.0059013486763892500
3702	0.0063631673185039200
5970	0.0064804445771516800
7296	0.0064804445771516800
79858	0.0064804445771516800
5027	0.0067456952178654000
8644	0.0069468062146262900
2042	0.0073128467056757000
23411	0.0080117059517538400
3725	0.0087950401274165800
778	0.0088891329399270300
3565	0.0088891329399270300
6580	0.0089441503159749600
80122	0.0090810993214009100
415116	0.0090810993214009100
7444	0.0091906778434203600
24296	0.0091906778434203600
55351	0.0091906778434203600
83903	0.0091906778434203600
682930	0.0091906778434203600
331	0.0098382008911477400
14182	0.0098382008911477400
12933205	0.0098382008911477400
53904	0.0106310021811077000
1198	0.0107385054186671000
2044	0.0108681663969373000
27	0.0109787173066507000
316	0.0111229650798092000
196	0.0111629090869774000
7498	0.0112843678022136000
6098	0.0124506575873059000
540446	0.0126254868253543000
9149	0.0129298800163356000
11040	0.0129298800163356000
4170	0.0129914082489373000
9134	0.0131429560102091000
814	0.0136764215795301000
7006	0.0138219213565356000
15499	0.0138219213565356000
24660	0.0143012635962438000
100	0.0143317043132129000
2247	0.0143317043132129000
12801	0.0143317043132129000
50508	0.0143317043132129000
100135627	0.0143317043132129000
658	0.0144002783743333000
4215	0.0144002783743333000
57118	0.0144002783743333000
51135	0.0144496752716064000
920	0.0146393273203876000
19713	0.0146393273203876000
100009585	0.0146393273203876000
100327259	0.0146393273203876000
285220	0.0147562948954869000
5127	0.0154186954831589000
3553	0.0155817323967029000
5965	0.0159893582608781000
246	0.0165776857984630000
16542	0.0166394526458376000
978	0.0168719013953607000
6898	0.0168719013953607000
361523	0.0168719013953607000
5585	0.0169661520600905000
8576	0.0169661520600905000
951475	0.0174159593308798000
5347	0.0179232493559813000
5429	0.0179232493559813000
100135548	0.0185371357911830000
1633	0.0200264853939521000
6869	0.0200461298571271000
6549	0.0204841971746226000
240	0.0205783921672177000
5142	0.0207208938258666000
2023	0.0211510709548118000
3098	0.0211510709548118000
3099	0.0211510709548118000
3101	0.0211510709548118000
4507	0.0211510709548118000
5045	0.0211510709548118000
5540	0.0211510709548118000
11647	0.0211510709548118000
12675	0.0211510709548118000
12772	0.0211510709548118000
13548	0.0211510709548118000
29735	0.0211510709548118000
51110	0.0211510709548118000
76768	0.0211510709548118000
109899	0.0211510709548118000
114294	0.0211510709548118000
116590	0.0211510709548118000
145567	0.0211510709548118000
256281	0.0211510709548118000
678683	0.0211510709548118000
2774506	0.0211510709548118000
2775589	0.0211510709548118000
2776664	0.0211510709548118000
3168364	0.0211510709548118000
3169356	0.0211510709548118000
3169567	0.0211510709548118000
4098731	0.0211510709548118000
5287	0.0213416921090469000
55561	0.0213416921090469000
6582	0.0218846171007859000
8444	0.0218846171007859000
783	0.0220092684993260000
4752	0.0220092684993260000
8911	0.0220092684993260000
8913	0.0220092684993260000
814099	0.0220092684993260000
782	0.0223055547948748000
11689	0.0223055547948748000
11820	0.0223055547948748000
16453	0.0223055547948748000
5294	0.0223359802597825000
5144	0.0238301601581618000
1969	0.0241155947668484000
11184	0.0241885498718277000
3480	0.0243687991070271000
4137	0.0255540182961874000
898	0.0265530309953536000
538	0.0270268913807725000
1646	0.0270268913807725000
2041	0.0272690457009658000
1132	0.0275373236686736000
440275	0.0283194847392481000
134	0.0295322071407207000
7849	0.0307109584615172000
57551	0.0307521354372373000
1018	0.0309932115767187000
6868	0.0309932115767187000
24239	0.0309932115767187000
5606	0.0310222906179717000
2046	0.0310548440859924000
6513	0.0320220581720840000
852254	0.0320220581720840000
938625	0.0320220581720840000
759	0.0325396487611620000
2796	0.0342346574540353000
2798	0.0342346574540353000
8788	0.0342346574540353000
9970	0.0342346574540353000
10392	0.0342346574540353000
25007	0.0342346574540353000
57337	0.0342346574540353000
282041	0.0342346574540353000
396445	0.0342346574540353000
100135549	0.0342346574540353000
4088	0.0346732500014552000
204851	0.0351214971266900000
3782	0.0352240835330385000
5288	0.0352240835330385000
109731	0.0352240835330385000
5129	0.0354131907118237000
8517	0.0354131907118237000
12802	0.0354131907118237000
100135626	0.0354131907118237000
1574	0.0370588409410283000
55589	0.0399594329754512000
774	0.0403065799288048000
24950	0.0403065799288048000
5598	0.0434056933912625000
29716	0.0434056933912625000
2833	0.0438591476202197000
4791	0.0438591476202197000
319757	0.0438591476202197000
443530	0.0438591476202197000
613024	0.0438591476202197000
101825598	0.0438591476202197000
101825859	0.0438591476202197000
6011	0.0448067184979216000
64677	0.0452402636639774000
4751	0.0452410454569469000
81788	0.0452410454569469000
1557	0.0466326600039621000
23621	0.0472105708343432000
26524	0.0480248230217423000
1072	0.0486618627255412000
1073	0.0486618627255412000
1386	0.0486618627255412000
1621	0.0486618627255412000
2539	0.0486618627255412000
3297	0.0486618627255412000
5297	0.0486618627255412000
6955	0.0486618627255412000
6957	0.0486618627255412000
6965	0.0486618627255412000
8678	0.0486618627255412000
11541	0.0486618627255412000
12169	0.0486618627255412000
14255	0.0486618627255412000
17096	0.0486618627255412000
18761	0.0486618627255412000
19072	0.0486618627255412000
20607	0.0486618627255412000
20779	0.0486618627255412000
22820	0.0486618627255412000
22870	0.0486618627255412000
55291	0.0486618627255412000
56637	0.0486618627255412000
57143	0.0486618627255412000
57217	0.0486618627255412000
58813	0.0486618627255412000
83471	0.0486618627255412000
92745	0.0486618627255412000
171384	0.0486618627255412000
281607	0.0486618627255412000
286818	0.0486618627255412000
403410	0.0486618627255412000
407157	0.0486618627255412000
445540	0.0486618627255412000
1121139	0.0486618627255412000
13319491	0.0486618627255412000
100008951	0.0486618627255412000
100135647	0.0486618627255412000
100144322	0.0486618627255412000
100343957	0.0486618627255412000
100717592	0.0486618627255412000
729230	0.0514840782893129000
20423	0.0516707431946164000
4758	0.0526846754568127000
4759	0.0526846754568127000
10825	0.0526846754568127000
23396	0.0526846754568127000
84630	0.0526846754568127000
146057	0.0526846754568127000
9971	0.0540112803547371000
29290	0.0540112803547371000
43	0.0549851875033653000
10988	0.0565373846293467000
140469	0.0565373846293467000
4282	0.0566228637698645000
7465	0.0566228637698645000
1592	0.0578278666509936000
7042	0.0578278666509936000
7043	0.0578278666509936000
29503	0.0578278666509936000
397309	0.0583917214455409000
5468	0.0609660616865780000
51347	0.0618945199625459000
9262	0.0661159940494232000
27347	0.0693089071213842000
1459	0.0710652340562175000
396910	0.0725657041180734000
403881	0.0725657041180734000
239	0.0733856470746826000
1241	0.0738866099316464000
1544	0.0744874819694492000
3783	0.0745974787570707000
56848	0.0745974787570707000
24680	0.0752837693477075000
24681	0.0752837693477075000
25023	0.0752837693477075000
25522	0.0752837693477075000
29340	0.0752837693477075000
81749	0.0752837693477075000
85420	0.0752837693477075000
170538	0.0752837693477075000
2778	0.0787428818498314000
51426	0.0801288832305497000
10000	0.0806576752450381000
23435	0.0817296408874952000
100009114	0.0817793874458580000
673	0.0830645507527786000
3738	0.0835356638763965000
396319	0.0835356638763965000
396338	0.0835356638763965000
320	0.0836722157606330000
1374	0.0836722157606330000
3939	0.0836722157606330000
6550	0.0836722157606330000
6584	0.0836722157606330000
7423	0.0836722157606330000
11648	0.0836722157606330000
12978	0.0836722157606330000
16187	0.0836722157606330000
19882	0.0836722157606330000
19886	0.0836722157606330000
21846	0.0836722157606330000
22637	0.0836722157606330000
26054	0.0836722157606330000
26420	0.0836722157606330000
77337	0.0836722157606330000
281293	0.0836722157606330000
12931141	0.0836722157606330000
100009430	0.0836722157606330000
131890	0.0845003199940040000
1234	0.0872291594903522000
2564	0.0872291594903522000
779	0.0878068488657958000
5291	0.0900005691323872000
1584	0.0919487684831875000
2739	0.0919487684831875000
8798	0.0919487684831875000
8854	0.0919487684831875000
25149	0.0919487684831875000
100009094	0.0919487684831875000
1120	0.0965915691066435000
4889	0.0965915691066435000
6870	0.0965915691066435000
15566	0.0965915691066435000
51311	0.0965915691066435000
54861	0.0965915691066435000
282301	0.0965915691066435000
527165	0.0965915691066435000
7294	0.0975727792293986000
7066	0.0986772432584921000
10495	0.0991769051937076000
4129	0.0993843284376509000
54101	0.0999935714944010000
598	0.1009548830102570000
2859	0.1009548830102570000
4294	0.1009548830102570000
396442	0.1023181041110490000
3091	0.1060451889345090000
216	0.1080753600660180000
590	0.1092356101840800000
5999	0.1142716596588680000
25248	0.1161726152267370000
624	0.1200397344379400000
3984	0.1209761856963890000
3028	0.1230177955175670000
54106	0.1233589601757290000
1158731	0.1233799445664950000
649	0.1239872156205850000
4830	0.1239872156205850000
4831	0.1239872156205850000
5537	0.1239872156205850000
24653	0.1239872156205850000
54305	0.1239872156205850000
281958	0.1239872156205850000
282323	0.1239872156205850000
2237	0.1308391041793440000
1128	0.1320570885975170000
2950	0.1335597898228300000
5328	0.1335597898228300000
7786	0.1344460655859720000
13315991	0.1344460655859720000
11201	0.1441439874362660000
7253	0.1468918241340070000
776	0.1483236747829340000
855242	0.1483236747829340000
5423	0.1483541039790260000
8729	0.1524473486769280000
10564	0.1524473486769280000
10565	0.1524473486769280000
24303	0.1524473486769280000
29295	0.1524473486769280000
51284	0.1524473486769280000
266684	0.1524473486769280000
286953	0.1524473486769280000
286963	0.1524473486769280000
292728	0.1524473486769280000
100301563	0.1524473486769280000
10746	0.1530755681432300000
1585	0.1567815780681610000
6579	0.1567815780681610000
9290	0.1567815780681610000
25154	0.1567815780681610000
55315	0.1567815780681610000
222962	0.1567815780681610000
775	0.1571942523378860000
12932805	0.1572144417795070000
231	0.1579727915349190000
9344	0.1665911648080750000
496	0.1678303643544890000
501	0.1678303643544890000
973	0.1678303643544890000
974	0.1678303643544890000
1394	0.1678303643544890000
1806	0.1678303643544890000
2249	0.1678303643544890000
2252	0.1678303643544890000
2253	0.1678303643544890000
2255	0.1678303643544890000
2257	0.1678303643544890000
2258	0.1678303643544890000
3497	0.1678303643544890000
3567	0.1678303643544890000
3656	0.1678303643544890000
5564	0.1678303643544890000
5565	0.1678303643544890000
5571	0.1678303643544890000
6566	0.1678303643544890000
8817	0.1678303643544890000
8822	0.1678303643544890000
8829	0.1678303643544890000
12534	0.1678303643544890000
16337	0.1678303643544890000
19879	0.1678303643544890000
24385	0.1678303643544890000
26357	0.1678303643544890000
29465	0.1678303643544890000
30849	0.1678303643544890000
51393	0.1678303643544890000
51422	0.1678303643544890000
53632	0.1678303643544890000
66026	0.1678303643544890000
81539	0.1678303643544890000
81640	0.1678303643544890000
209176	0.1678303643544890000
347527	0.1678303643544890000
617917	0.1678303643544890000
694181	0.1678303643544890000
923602	0.1678303643544890000
924440	0.1678303643544890000
939223	0.1678303643544890000
100009586	0.1678303643544890000
100135466	0.1678303643544890000
100622149	0.1678303643544890000
83523	0.1739002192862620000
4544	0.1744517556626300000
773	0.1813669294655170000
6581	0.1813669294655170000
6777	0.1813669294655170000
7040	0.1813669294655170000
7412	0.1813669294655170000
5293	0.1820292997645970000
1119	0.1834276476661580000
5150	0.1834276476661580000
6327	0.1834276476661580000
27115	0.1834276476661580000
29277	0.1834276476661580000
56274	0.1834276476661580000
1460	0.1845223623210880000
1129	0.1875359003744400000
6256	0.1953246656169910000
5218	0.1959710269433530000
7299	0.1959710269433530000
596	0.2038055359059050000
85443	0.2038055359059050000
3735	0.2071179528666300000
79934	0.2071179528666300000
518675	0.2071179528666300000
5610	0.2079240381958940000
2155	0.2137748395023810000
2847	0.2137748395023810000
4161	0.2137748395023810000
17295	0.2137748395023810000
277328	0.2137748395023810000
312896	0.2137748395023810000
1489531	0.2137748395023810000
4318	0.2144266396306100000
11329	0.2158786969314190000
24297	0.2158786969314190000
171522	0.2158786969314190000
15550	0.2183472339829740000
9578	0.2237751339592780000
22875	0.2237751339592780000
22858	0.2260636091270910000
140901	0.2260636091270910000
5742	0.2266415670156740000
3780	0.2338333264659070000
5128	0.2414594259709550000
57014	0.2414594259709550000
1445	0.2436336731351000000
5591	0.2436336731351000000
9682	0.2436336731351000000
5980	0.2443495974835420000
861	0.2465301402396720000
865	0.2465301402396720000
23012	0.2493989158700070000
24300	0.2493989158700070000
760	0.2497205334895060000
1950	0.2606852137500510000
3700	0.2606852137500510000
4886	0.2606852137500510000
4887	0.2606852137500510000
5319	0.2606852137500510000
6772	0.2606852137500510000
12766	0.2606852137500510000
282322	0.2606852137500510000
404074	0.2606852137500510000
618607	0.2606852137500510000
100302667	0.2606852137500510000
100714172	0.2606852137500510000
100731540	0.2606852137500510000
873	0.2613127881929960000
4154	0.2650668349308960000
4363	0.2651849017566820000
7941	0.2651849017566820000
9706	0.2651849017566820000
672	0.2654452177181280000
3320	0.2689113133121060000
8856	0.2820666003607030000
4145	0.2836141653374520000
71742	0.2836141653374520000
389840	0.2836141653374520000
6097	0.2856377379787100000
84006	0.2869772357223730000
1991	0.2893608521084550000
2565	0.2893608521084550000
2567	0.2893608521084550000
2568	0.2893608521084550000
3781	0.2893608521084550000
6753	0.2893608521084550000
14254	0.2893608521084550000
24360	0.2893608521084550000
55879	0.2893608521084550000
1269	0.2894011228225620000
1786	0.2894011228225620000
407136	0.3031951234087860000
220	0.3076681163847820000
262	0.3076681163847820000
652	0.3076681163847820000
2641	0.3076681163847820000
5741	0.3076681163847820000
7067	0.3076681163847820000
7915	0.3076681163847820000
10840	0.3076681163847820000
16001	0.3076681163847820000
23173	0.3076681163847820000
24267	0.3076681163847820000
25033	0.3076681163847820000
80271	0.3076681163847820000
160428	0.3076681163847820000
338442	0.3076681163847820000
395605	0.3076681163847820000
395606	0.3076681163847820000
100038021	0.3076681163847820000
100135518	0.3076681163847820000
100727842	0.3076681163847820000
101093058	0.3076681163847820000
101099637	0.3076681163847820000
24947	0.3086280642705290000
25255	0.3086280642705290000
29707	0.3086280642705290000
29708	0.3086280642705290000
140675	0.3086280642705290000
24192	0.3088608562296020000
6199	0.3139873948073430000
4843	0.3158346768527010000
8569	0.3158346768527010000
328	0.3159844917523720000
1586	0.3177897993209300000
2030	0.3177897993209300000
2563	0.3177897993209300000
5295	0.3177897993209300000
6754	0.3177897993209300000
6774	0.3177897993209300000
6792	0.3177897993209300000
659	0.3181826652223500000
9943	0.3181826652223500000
1787	0.3186393083630750000
1788	0.3186393083630750000
1789	0.3186393083630750000
397131	0.3186393083630750000
4988	0.3218162325792740000
613	0.3242401579181390000
1577	0.3279048029750850000
7184	0.3345479841530790000
289606	0.3435886256878670000
151306	0.3464220051505970000
25290	0.3510471073031930000
25053	0.3527976534533940000
167359	0.3527976534533940000
100130827	0.3527976534533940000
3294	0.3540305313242980000
5597	0.3540305313242980000
6783	0.3540305313242980000
14073	0.3540305313242980000
100008972	0.3540305313242980000
5243	0.3587413861527130000
29705	0.3612973513075630000
1268	0.3638049929197950000
287609	0.3640952441436980000
5747	0.3698572041271730000
6752	0.3750916713669320000
6755	0.3750916713669320000
51765	0.3750916713669320000
1571	0.3757914639046180000
55244	0.3846456810135620000
403882	0.3871883390231440000
3656265	0.3879552492050350000
15561	0.3888160444871720000
247	0.3965071970395790000
217	0.3992446107543620000
219	0.3992446107543620000
994	0.3992446107543620000
4117	0.3992446107543620000
5915	0.3992446107543620000
8503	0.3992446107543620000
8814	0.3992446107543620000
24889	0.3992446107543620000
170698	0.3992446107543620000
396318	0.3992446107543620000
813594	0.3992446107543620000
856395	0.4004463865502490000
3177	0.4036460349411800000
3383	0.4036460349411800000
2744	0.4206902014180180000
18391	0.4211195918615390000
5376	0.4257698715319410000
4864	0.4269438358631610000
3767	0.4319461241397970000
6751	0.4319461241397970000
11309	0.4319461241397970000
7153	0.4327455036668560000
1812	0.4349199912332390000
338	0.4429180422782350000
412	0.4429180422782350000
495	0.4429180422782350000
2224	0.4429180422782350000
2246	0.4429180422782350000
3736	0.4429180422782350000
4907	0.4429180422782350000
5296	0.4429180422782350000
5321	0.4429180422782350000
6336	0.4429180422782350000
16818	0.4429180422782350000
114211	0.4429180422782350000
192646	0.4429180422782350000
341676	0.4429180422782350000
397552	0.4429180422782350000
13318096	0.4429180422782350000
100009164	0.4429180422782350000
1131	0.4465725903015450000
9874	0.4543907221659460000
15563	0.4543907221659460000
4316	0.4598671299283310000
5298	0.4651397629319950000
6546	0.4724362631283870000
23491	0.4724362631283870000
51716	0.4724362631283870000
221223	0.4724362631283870000
1573	0.4847691443905300000
5916	0.4847691443905300000
7424	0.4847691443905300000
91754	0.4847691443905300000
8408	0.4868336278536000000
1139	0.4870369400203310000
100526835	0.4870369400203310000
2560	0.4872984563139890000
135	0.5021017126131470000
1080	0.5110682726730880000
894	0.5141435080071200000
23097	0.5141435080071200000
19885	0.5161336463776080000
18669	0.5183105284182620000
60489	0.5183105284182620000
64354	0.5232909202498270000
2152	0.5246059830174470000
4547	0.5246059830174470000
4953	0.5246059830174470000
12747	0.5246059830174470000
51265	0.5246059830174470000
81657	0.5246059830174470000
83633	0.5246059830174470000
13319464	0.5246059830174470000
84580	0.5298986150149140000
9376	0.5403192680606670000
6916	0.5414110042065650000
4543	0.5487114543521660000
3326	0.5507666875582850000
13649	0.5507666875582850000
657	0.5623089033951780000
846	0.5623089033951780000
2597	0.5623089033951780000
3676	0.5623089033951780000
3706	0.5623089033951780000
3707	0.5623089033951780000
3990	0.5623089033951780000
5137	0.5623089033951780000
5550	0.5623089033951780000
5617	0.5623089033951780000
6348	0.5623089033951780000
9254	0.5623089033951780000
178296	0.5623089033951780000
308451	0.5623089033951780000
136	0.5712034370513600000
57144	0.5779516215104930000
403963	0.5779516215104930000
4835	0.5903951013378470000
5311	0.5903951013378470000
24922	0.5911727785892090000
25450	0.5911727785892090000
25451	0.5911727785892090000
29689	0.5911727785892090000
29709	0.5911727785892090000
65187	0.5911727785892090000
65191	0.5911727785892090000
79211	0.5911727785892090000
81658	0.5911727785892090000
140674	0.5911727785892090000
574190	0.5915333160864600000
185	0.5978159589233180000
186	0.5978159589233180000
1513	0.5978159589233180000
1990	0.5978159589233180000
83810	0.5978159589233180000
100911581	0.5978159589233180000
706	0.6059687877336320000
25101	0.6059687877336320000
29253	0.6059687877336320000
5465	0.6106433218704890000
24410	0.6106433218704890000
281125	0.6141911861822390000
5300	0.6295882231512220000
24408	0.6295882231512220000
5914	0.6311107937654570000
18126	0.6311107937654570000
6323	0.6327206633498040000
6328	0.6327206633498040000
25103	0.6327206633498040000
8824	0.6405889450833950000
100144471	0.6405889450833950000
100519931	0.6405889450833950000
1133	0.6440253816262080000
4312	0.6536055850872250000
1578	0.6581824267268820000
2911	0.6581824267268820000
2915	0.6581824267268820000
7398	0.6581824267268820000
64816	0.6581824267268820000
79424	0.6581824267268820000
2559	0.6591207592107180000
2561	0.6591207592107180000
762	0.6591566016105620000
7155	0.6620224889844190000
842	0.6622126005495790000
1312	0.6622126005495790000
5153	0.6622126005495790000
7486	0.6622126005495790000
9568	0.6622126005495790000
10257	0.6622126005495790000
14257	0.6622126005495790000
24182	0.6622126005495790000
81638	0.6622126005495790000
4357161	0.6622126005495790000
13319863	0.6622126005495790000
3248	0.6645891738547460000
4297	0.6825093050223610000
2222	0.6837560821065900000
3985	0.6911678299959470000
5136	0.6911678299959470000
29347	0.6911678299959470000
13869177	0.6911678299959470000
407137	0.6991126343102740000
9429	0.7003484464306940000
1760	0.7003712794278180000
2166	0.7180433769234150000
6725	0.7195984872709880000
6822	0.7217412109721570000
18671	0.7217412109721570000
3620	0.7267927650586770000
4216	0.7267927650586770000
100526081	0.7267927650586770000
781	0.7429210079408990000
841	0.7429210079408990000
2550	0.7429210079408990000
3061	0.7429210079408990000
6257	0.7429210079408990000
19016	0.7429210079408990000
24180	0.7429210079408990000
57302	0.7429210079408990000
65061	0.7429210079408990000
83817	0.7429210079408990000
526221	0.7429210079408990000
100135589	0.7447895767020220000
388228	0.7471166617129910000
1558	0.7473643840457100000
155348	0.7488791196297990000
1066	0.7551660960514490000
140	0.7572280356928800000
3630	0.7645498481361080000
93	0.7658928311561760000
94	0.7658928311561760000
840	0.7658928311561760000
4353	0.7658928311561760000
5770	0.7658928311561760000
13317197	0.7658928311561760000
100135540	0.7658928311561760000
9256	0.7662122031949930000
2557	0.7717545964126490000
9099	0.7717545964126490000
2475	0.7724207422732070000
29336	0.7739969324630610000
3062	0.7870576382393160000
3757	0.7887615106489800000
58819	0.7926882926589670000
25229	0.8024602238644380000
5143	0.8065179748623690000
855692	0.8065179748623690000
12932283	0.8151574982999970000
2558	0.8159644892203130000
2562	0.8159644892203130000
2566	0.8159644892203130000
5595	0.8227862061623540000
7442	0.8243778175047340000
29316	0.8243778175047340000
10951	0.8271211899575070000
2556	0.8290432498296350000
25369	0.8290432498296350000
25825	0.8290432498296350000
1143	0.8311090223776590000
3292	0.8407407533862640000
225689	0.8413395658029280000
2555	0.8528835707490900000
24409	0.8528835707490900000
24412	0.8528835707490900000
28234	0.8528835707490900000
170796	0.8528835707490900000
191573	0.8528835707490900000
281126	0.8528835707490900000
4160	0.8532690290543950000
8877	0.8532690290543950000
552898	0.8532690290543950000
3309	0.8557085763176340000
3558	0.8557085763176340000
6715	0.8557085763176340000
6716	0.8557085763176340000
537043	0.8557085763176340000
3636621	0.8557085763176340000
80733	0.8573147347748900000
25689	0.8690302200930840000
7422	0.8693802249277960000
4221	0.8747711391076720000
768	0.8749457772179520000
1901	0.8818510013760080000
3290	0.8818510013760080000
10682	0.8818510013760080000
377677	0.8818510013760080000
1636	0.8864145664899180000
146802	0.8864145664899180000
4985	0.8888062455947270000
1136	0.8899368442366350000
24411	0.8921642258802130000
280741	0.8932120185691610000
390245	0.8980381254832750000
5164	0.8992259692049580000
5165	0.8992259692049580000
5166	0.8992259692049580000
5621	0.9000651430772090000
5141	0.9004194393595780000
3351	0.9032640917066770000
761	0.9035498323321850000
116549	0.9035498323321850000
5743	0.9097453782214210000
2648	0.9152713510404900000
6865	0.9173217466663870000
3577	0.9214780900360000000
1816	0.9260517105105450000
3274	0.9260517105105450000
2554	0.9281121667347830000
23632	0.9281121667347830000
6915	0.9292174526699560000
10919	0.9308141663923940000
25601	0.9362315053833310000
5315	0.9391701657385510000
116443	0.9391701657385510000
407230	0.9425827413639930000
100033901	0.9425827413639930000
472	0.9483291116313240000
1548	0.9514851695819570000
6326	0.9514851695819570000
100051593	0.9514851695819570000
2902	0.9528740863413610000
2904	0.9528740863413610000
6532	0.9533913373430830000
100135539	0.9535242143775850000
1555	0.9535321305046970000
1551	0.9558479217223160000
71934	0.9582175043158280000
771	0.9591309105091290000
3354	0.9598411046483570000
836	0.9603657166840750000
2065	0.9624545145089960000
443551	0.9624545145089960000
15560	0.9662770846716200000
4313	0.9675101865328060000
9367	0.9690375946302060000
3352	0.9692805272240860000
3361	0.9698787932047270000
6531	0.9722431441003090000
2548	0.9729114505298800000
3064	0.9729114505298800000
3355	0.9751971891214150000
4214	0.9756259657887240000
1565	0.9761528733289950000
765	0.9767252156777650000
766	0.9767252156777650000
170572	0.9771015261733370000
200909	0.9771015261733370000
285242	0.9771015261733370000
811999	0.9785150953341150000
24898	0.9787385151747020000
152	0.9794528009193060000
3358	0.9803787804560740000
1815	0.9811023460423730000
9177	0.9822662482871700000
116444	0.9824441688432500000
100524920	0.9832758474819910000
25195	0.9838373644569280000
3356	0.9841413250543490000
6530	0.9843119863700600000
4000	0.9844005850979210000
5138	0.9859181963596720000
3360	0.9863023339045110000
4314	0.9873943679400890000
153	0.9874660640921600000
54737	0.9876376303421710000
2905	0.9887193043355350000
2906	0.9887193043355350000
11238	0.9887193043355350000
10599	0.9887990310972300000
3359	0.9903805742367570000
763	0.9909740971080210000
4322	0.9909740971080210000
58963	0.9911998208576880000
79246	0.9911998208576880000
25075	0.9915030107989520000
4986	0.9917406447804770000
2903	0.9919298353572200000
155	0.9927863425350630000
25432	0.9930591263163250000
7421	0.9939289308519020000
25323	0.9942702096338320000
5289	0.9954066242141830000
15558	0.9963398800185920000
24473	0.9963430516955920000
29581	0.9965652836683820000
60448	0.9967726804282740000
1814	0.9973154015759350000
65032	0.9978672846617410000
29238	0.9985591031672130000
25187	0.9992314280103360000
10280	0.9994043340400130000
55775	0.9994587415935760000
148	0.9995690769671420000
3350	0.9995751505680240000
29595	0.9995934913028640000
24316	0.9996185310009630000
3363	0.9996598577989440000
25083	0.9996901336856080000
150	0.9997669717015870000
7068	0.9997861156872460000
154	0.9998411644071680000
3357	0.9998821892954570000
3362	0.9998945383736940000
151	0.9999170287185770000
1813	0.9999664091841640000
3269	0.9999758861815950000
24175	0.9999763466921180000
25553	0.9999813898755000000
24174	0.9999919815547370000
24318	0.9999934995224440000
641	0.9999985328877610000
147	0.9999996427471960000
24173	0.9999996485572580000
29413	0.9999998383701630000
146	0.9999999870079330000
29412	0.9999999954232700000